+--------------+--------------+--------------+--------------+--------------+--------------+--------------+
|     id:      |    Value:    | Youngsters:  |   Keepers:   | Outfielders: | Discipline:  | Motivation:  |
+==============+==============+==============+==============+==============+==============+==============+
|   8779738    |    113000    |      20      |      8       |      20      |      19      |      16      |
+--------------+--------------+--------------+--------------+--------------+--------------+--------------+
|   8900440    |    66000     |      20      |      5       |      20      |      19      |      15      |
+--------------+--------------+--------------+--------------+--------------+--------------+--------------+
|   8651910    |    98000     |      20      |      9       |      20      |      19      |      9       |
+--------------+--------------+--------------+--------------+--------------+--------------+--------------+
|   8924001    |    105000    |      20      |      14      |      20      |      19      |      7       |
+--------------+--------------+--------------+--------------+--------------+--------------+--------------+
|   8882199    |    106000    |      20      |      13      |      20      |      18      |      12      |
+--------------+--------------+--------------+--------------+--------------+--------------+--------------+
|   8917788    |    93000     |      20      |      16      |      20      |      18      |      9       |
+--------------+--------------+--------------+--------------+--------------+--------------+--------------+
|   8800819    |    81000     |      20      |      12      |      20      |      18      |      9       |
+--------------+--------------+--------------+--------------+--------------+--------------+--------------+
|   8779899    |    91000     |      20      |      12      |      20      |      18      |      4       |
+--------------+--------------+--------------+--------------+--------------+--------------+--------------+
|   8927986    |    92000     |      20      |      9       |      20      |      17      |      20      |
+--------------+--------------+--------------+--------------+--------------+--------------+--------------+
|   8916938    |    92000     |      20      |      7       |      20      |      17      |      19      |
+--------------+--------------+--------------+--------------+--------------+--------------+--------------+
|   8677886    |    79000     |      20      |      14      |      20      |      17      |      8       |
+--------------+--------------+--------------+--------------+--------------+--------------+--------------+
|   8931012    |    51000     |      20      |      4       |      20      |      17      |      8       |
+--------------+--------------+--------------+--------------+--------------+--------------+--------------+
|   8930666    |    99000     |      20      |      11      |      20      |      16      |      17      |
+--------------+--------------+--------------+--------------+--------------+--------------+--------------+
|   8830628    |    97000     |      20      |      6       |      20      |      16      |      15      |
+--------------+--------------+--------------+--------------+--------------+--------------+--------------+
|   8929873    |    71000     |      20      |      13      |      20      |      15      |      20      |
+--------------+--------------+--------------+--------------+--------------+--------------+--------------+
|   8879818    |    100000    |      20      |      19      |      20      |      15      |      13      |
+--------------+--------------+--------------+--------------+--------------+--------------+--------------+
|   8920808    |    75000     |      20      |      7       |      20      |      15      |      11      |
+--------------+--------------+--------------+--------------+--------------+--------------+--------------+
|   8794069    |    113000    |      20      |      14      |      20      |      15      |      6       |
+--------------+--------------+--------------+--------------+--------------+--------------+--------------+
|   8908112    |    92000     |      20      |      3       |      20      |      14      |      16      |
+--------------+--------------+--------------+--------------+--------------+--------------+--------------+
|   8728047    |    60000     |      20      |      7       |      20      |      14      |      11      |
+--------------+--------------+--------------+--------------+--------------+--------------+--------------+
|   8894889    |    79000     |      20      |      7       |      20      |      13      |      20      |
+--------------+--------------+--------------+--------------+--------------+--------------+--------------+
|   8919362    |    80000     |      20      |      14      |      20      |      13      |      10      |
+--------------+--------------+--------------+--------------+--------------+--------------+--------------+
|   8826428    |    76000     |      20      |      7       |      20      |      13      |      9       |
+--------------+--------------+--------------+--------------+--------------+--------------+--------------+
|   8890908    |    75000     |      20      |      13      |      20      |      13      |      8       |
+--------------+--------------+--------------+--------------+--------------+--------------+--------------+
|   8574917    |    51000     |      20      |      17      |      20      |      11      |      16      |
+--------------+--------------+--------------+--------------+--------------+--------------+--------------+
|   8909793    |    120000    |      20      |      19      |      20      |      11      |      4       |
+--------------+--------------+--------------+--------------+--------------+--------------+--------------+
|   8746362    |    108000    |      20      |      14      |      20      |      10      |      19      |
+--------------+--------------+--------------+--------------+--------------+--------------+--------------+
|   8923319    |    85000     |      20      |      15      |      20      |      10      |      9       |
+--------------+--------------+--------------+--------------+--------------+--------------+--------------+
|   8898816    |    107000    |      20      |      16      |      20      |      9       |      8       |
+--------------+--------------+--------------+--------------+--------------+--------------+--------------+
|   8893183    |    87000     |      20      |      18      |      20      |      9       |      6       |
+--------------+--------------+--------------+--------------+--------------+--------------+--------------+
|   8931170    |    78000     |      20      |      14      |      20      |      9       |      4       |
+--------------+--------------+--------------+--------------+--------------+--------------+--------------+
|   8889199    |    63000     |      20      |      7       |      20      |      8       |      14      |
+--------------+--------------+--------------+--------------+--------------+--------------+--------------+
|   8907542    |    69000     |      20      |      14      |      20      |      8       |      13      |
+--------------+--------------+--------------+--------------+--------------+--------------+--------------+
|   8928024    |    71000     |      20      |      14      |      20      |      8       |      12      |
+--------------+--------------+--------------+--------------+--------------+--------------+--------------+
|   8930112    |    93000     |      20      |      18      |      20      |      8       |      8       |
+--------------+--------------+--------------+--------------+--------------+--------------+--------------+
|   8901649    |    57000     |      20      |      10      |      20      |      8       |      3       |
+--------------+--------------+--------------+--------------+--------------+--------------+--------------+
|   8812515    |    96000     |      20      |      14      |      20      |      6       |      16      |
+--------------+--------------+--------------+--------------+--------------+--------------+--------------+
|   8891974    |    106000    |      20      |      18      |      20      |      6       |      6       |
+--------------+--------------+--------------+--------------+--------------+--------------+--------------+
|   8824655    |    75000     |      20      |      13      |      20      |      5       |      11      |
+--------------+--------------+--------------+--------------+--------------+--------------+--------------+
|   8917197    |    79000     |      20      |      3       |      20      |      5       |      11      |
+--------------+--------------+--------------+--------------+--------------+--------------+--------------+
|   8857632    |    64000     |      20      |      8       |      20      |      5       |      10      |
+--------------+--------------+--------------+--------------+--------------+--------------+--------------+
|   8929370    |    56000     |      20      |      8       |      20      |      5       |      4       |
+--------------+--------------+--------------+--------------+--------------+--------------+--------------+
|   8750523    |    70000     |      20      |      10      |      20      |      4       |      13      |
+--------------+--------------+--------------+--------------+--------------+--------------+--------------+
|   8550386    |    66000     |      20      |      15      |      20      |      4       |      5       |
+--------------+--------------+--------------+--------------+--------------+--------------+--------------+
|   8899009    |    51000     |      20      |      11      |      20      |      4       |      5       |
+--------------+--------------+--------------+--------------+--------------+--------------+--------------+
|   8915442    |    106000    |      20      |      9       |      20      |      3       |      20      |
+--------------+--------------+--------------+--------------+--------------+--------------+--------------+
|   8903004    |    88000     |      20      |      17      |      20      |      3       |      14      |
+--------------+--------------+--------------+--------------+--------------+--------------+--------------+
|   8916621    |    73000     |      20      |      9       |      20      |      3       |      14      |
+--------------+--------------+--------------+--------------+--------------+--------------+--------------+
|   8894913    |    76000     |      20      |      14      |      20      |      3       |      3       |
+--------------+--------------+--------------+--------------+--------------+--------------+--------------+
|     id:      |    Value:    | Youngsters:  |   Keepers:   | Outfielders: | Discipline:  | Motivation:  |
+--------------+--------------+--------------+--------------+--------------+--------------+--------------+